----------------------------------------
        2025-05-29 17:19:23
        Algorithm: BubbleSort Sequential
        Array Size: 1000
        Execution Time: 0.0078 seconds
        First 100 elements: 
        191, 191, 554, 614, 645, 677, 771, 995, 1226, 1261, 1263, 1270, 1407, 1420, 1488, 1518, 1627, 1925, 1950, 1961, 1967, 1972, 1999, 2150, 2395, 2412, 2508, 2560, 2582, 2683, 2686, 2688, 2715, 3026, 3055, 3067, 3081, 3083, 3143, 3171, 3284, 3350, 3497, 3520, 3549, 3628, 3663, 3708, 3944, 4121, 4495, 4514, 4711, 4789, 4854, 4981, 5053, 5087, 5146, 5328, 5381, 5545, 5570, 5700, 5754, 5756, 5895, 6074, 6099, 6614, 6800, 6867, 6880, 6898, 7008, 7288, 7351, 7377, 7489, 7640, 7705, 7821, 7952, 8026, 8028, 8068, 8207, 8241, 8293, 8376, 8554, 8559, 8571, 8659, 8661, 8716, 8784, 9048, 9210, 9307 ...
        ----------------------------------------
        2025-05-29 17:19:25
        Algorithm: BubbleSort Parallel
        Array Size: 1000
        Execution Time: 2.2525 seconds
        First 100 elements: 
        191, 191, 554, 614, 645, 677, 771, 995, 1226, 1261, 1263, 1270, 1407, 1420, 1488, 1518, 1627, 1925, 1950, 1961, 1967, 1972, 1999, 2150, 2395, 2412, 2508, 2560, 2582, 2683, 2686, 2688, 2715, 3026, 3055, 3067, 3081, 3083, 3143, 3171, 3284, 3350, 3497, 3520, 3549, 3628, 3663, 3708, 3944, 4121, 4495, 4514, 4711, 4789, 4854, 4981, 5053, 5087, 5146, 5328, 5381, 5545, 5570, 5700, 5754, 5756, 5895, 6074, 6099, 6614, 6800, 6867, 6880, 6898, 7008, 7288, 7351, 7377, 7489, 7640, 7705, 7821, 7952, 8026, 8028, 8068, 8207, 8241, 8293, 8376, 8554, 8559, 8571, 8659, 8661, 8716, 8784, 9048, 9210, 9307 ...
        ----------------------------------------
        2025-05-29 17:20:19
        Algorithm: BubbleSort Sequential
        Array Size: 10000
        Execution Time: 0.5925 seconds
        First 100 elements: 
        5, 9, 20, 34, 49, 70, 82, 86, 93, 101, 121, 125, 126, 134, 176, 197, 199, 200, 205, 221, 233, 239, 239, 243, 264, 266, 266, 267, 270, 283, 288, 302, 312, 314, 318, 325, 382, 387, 388, 389, 389, 406, 413, 413, 426, 429, 434, 451, 455, 455, 461, 462, 463, 470, 484, 485, 492, 493, 509, 514, 522, 543, 545, 557, 558, 562, 564, 580, 580, 582, 589, 593, 624, 637, 640, 681, 693, 701, 713, 722, 722, 725, 744, 756, 760, 791, 802, 820, 826, 828, 876, 899, 902, 906, 908, 915, 917, 920, 925, 934 ...
        ----------------------------------------
        2025-05-29 17:22:54
        Algorithm: BubbleSort Parallel
        Array Size: 10000
        Execution Time: 155.3222 seconds
        First 100 elements: 
        5, 9, 20, 34, 49, 70, 82, 86, 93, 101, 121, 125, 126, 134, 176, 197, 199, 200, 205, 221, 233, 239, 239, 243, 264, 266, 266, 267, 270, 283, 288, 302, 312, 314, 318, 325, 382, 387, 388, 389, 389, 406, 413, 413, 426, 429, 434, 451, 455, 455, 461, 462, 463, 470, 484, 485, 492, 493, 509, 514, 522, 543, 545, 557, 558, 562, 564, 580, 580, 582, 589, 593, 624, 637, 640, 681, 693, 701, 713, 722, 722, 725, 744, 756, 760, 791, 802, 820, 826, 828, 876, 899, 902, 906, 908, 915, 917, 920, 925, 934 ...
        ----------------------------------------
        2025-05-29 17:25:02
        Algorithm: BubbleSort Sequential
        Array Size: 100000
        Execution Time: 61.2838 seconds
        First 100 elements: 
        0, 1, 2, 2, 2, 5, 5, 7, 7, 7, 9, 9, 10, 11, 14, 15, 17, 17, 19, 19, 21, 22, 22, 23, 24, 24, 25, 26, 27, 28, 28, 29, 31, 31, 32, 34, 34, 34, 35, 37, 39, 40, 40, 41, 43, 44, 46, 47, 47, 47, 50, 50, 50, 51, 52, 52, 55, 55, 55, 55, 55, 56, 57, 58, 60, 62, 63, 64, 66, 66, 67, 67, 70, 70, 71, 72, 72, 74, 74, 75, 76, 77, 78, 79, 80, 82, 82, 84, 85, 88, 88, 89, 89, 90, 95, 96, 97, 97, 99, 100 ...
        